name,state,tot_average,2010,2011,2012,2013,2014,2015,2016,2017,2018,2019,2020,2021,2022
ZT,Alabama,0.6859230769,0.628,0.628,0.628,0.628,0.685,0.685,0.685,0.685,0.733,0.733,0.733,0.733,0.733
ZT,Alaska,0.5596153846,0.55,0.55,0.625,0.625,0.575,0.575,0.525,0.525,0.575,0.575,0.525,0.525,0.525
ZT,Arizona,0.5803076923,0.666,0.666,0.6,0.6,0.633,0.633,0.583,0.583,0.516,0.516,0.516,0.516,0.516
ZT,Arkansas,0.6553846154,0.45,0.45,0.51,0.51,0.64,0.64,0.73,0.73,0.74,0.74,0.78,0.78,0.82
ZT,California,0.2940769231,0.35,0.35,0.3,0.3,0.35,0.35,0.312,0.312,0.25,0.25,0.237,0.237,0.225
ZT,Colorado,0.4195384615,0.507,0.507,0.43,0.43,0.476,0.476,0.43,0.43,0.369,0.369,0.369,0.369,0.292
ZT,Connecticut,0.3893076923,0.357,0.357,0.351,0.351,0.423,0.423,0.476,0.476,0.391,0.391,0.357,0.357,0.351
ZT,Delaware,0.369,0.365,0.365,0.341,0.341,0.39,0.39,0.39,0.39,0.365,0.365,0.365,0.365,0.365
MG,Florida,0.675,0.675,0.617,0.617,0.689,0.689,0.658,0.658,0.608,0.608,0.65,0.65,0.708,0.708
MG,Georgia,0.63,0.63,0.66,0.66,0.67,0.67,0.65,0.65,0.589,0.589,0.575,0.575,0.561,5.61
MG,Haiwaii,0.157,0.157,0.137,0.137,0.157,0.157,0.118,0.118,0.098,0.098,0.078,0.078,0.118,0.118
MG,Idaho,0.814,0.814,0.814,0.814,0.8,0.8,0.84,0.84,0.8,0.8,0.829,0.829,0.84,0.84
MG,Illinois,0.4008461538,0.458,0.458,0.398,0.398,0.398,0.398,0.432,0.432,0.373,0.373,0.381,0.381,0.331
MG,Indiana,0.6507692308,0.4,0.4,0.69,0.69,0.71,0.71,0.7,0.7,0.67,0.67,0.71,0.71,0.7
MG,Iowa,0.5723076923,0.58,0.58,0.53,0.53,0.57,0.57,0.59,0.59,0.54,0.54,0.59,0.59,0.64
MG,Kansas,0.7132307692,0.736,0.736,0.736,0.736,0.776,0.776,0.68,0.68,0.68,0.68,0.688,0.688,0.68
NG,Kentucky,0.5738461538,0.42,0.42,0.45,0.45,0.46,0.46,0.64,0.64,0.61,0.61,0.75,0.75,0.8
NG,Louisiana,0.6270769231,0.476,0.552,0.552,0.552,0.552,0.581,0.581,0.581,0.581,0.648,0.648,0.648,0.648
NG,Maine,0.4447692308,0.517,0.517,0.404,0.404,0.45,0.45,0.477,0.477,0.377,0.377,0.444,0.444,0.444
NG,Maryland,0.3160769231,0.305,0.305,0.305,0.305,0.355,0.355,0.355,0.355,0.298,0.298,0.298,0.298,0.277
NG,Massachusetts,0.1976923077,0.2,0.2,0.181,0.181,0.219,0.219,0.219,0.219,0.2,0.2,0.188,0.188,0.156
NG,Michigan,0.5468461538,0.573,0.573,0.536,0.536,0.573,0.573,0.573,0.573,0.527,0.527,0.527,0.527,0.491
NG,Minnesota,0.5016923077,0.537,0.537,0.455,0.455,0.537,0.537,0.575,0.575,0.44,0.44,0.478,0.478,0.478
NG,Mississippi,0.5643846154,0.385,0.525,0.525,0.525,0.525,0.598,0.598,0.598,0.598,0.615,0.615,0.615,0.615
AJ,Missouri,,,,,,,,,,,,,,
AJ,Montana,,,,,,,,,,,,,,
AJ,Nebraska,,,,,,,,,,,,,,
AJ,Nevada,,,,,,,,,,,,,,
AJ,New hampshire,,,,,,,,,,,,,,
AJ,New Jersey,,,,,,,,,,,,,,
AJ,New Mexico,,,,,,,,,,,,,,
AJ,New York,,,,,,,,,,,,,,
LH,North Carolina,0.5570484677,0.43333,0.4333,0.5583333,0.5583333,0.64166667,0.64166667,0.61666667,0.61666667,0.5416667,0.5416667,0.5416667,0.5416667,0.575
LH,North dakota,0.7692305731,0.61702,0.61702,0.73404255,0.73404255,0.74468085,0.74468085,0.75531915,0.75531915,0.85106383,0.85106383,0.87234043,0.87234043,0.85106383
LH,Ohio,0.5951769231,0.4646,0.4646,0.5959,0.5959,0.606,0.606,0.6465,0.6465,0.6162,0.6162,0.6162,0.6162,0.6465
LH,Oklahoma,0.7100153846,0.6139,0.6139,0.6734,0.6734,0.7139,0.7139,0.703,0.703,0.7525,0.7525,0.7525,0.7525,0.8118
LH,Oregon,0.4115461538,0.4,0.4,0.5,0.5,0.4333,0.4333,0.4167,0.4167,0.3667,0.3667,0.3667,0.3667,0.3833
LH,Pennsylvania,0.5286230769,0.4828,0.4828,0.5419,0.5419,0.468,0.468,0.5862,0.5862,0.5419,0.5419,0.5369,0.5369,0.5567
LH,Rhode Island,0.1148692308,0.08,0.08,0.1333,0.1333,0.08,0.08,0.16,0.16,0.12,0.12,0.1067,0.1067,0.1333
LH,South Carolina,0.6203307692,0.5887,0.5887,0.6129,0.6129,0.6129,0.6129,0.621,0.621,0.6451,0.6451,0.629,0.629,0.6451
FIA,South Dakota,0.82781538,0.7619,0.7619,0.7714,0.7714,0.8095,0.8095,0.8476,0.8476,0.8476,0.8476,0.8952,0.8952,0.8952
FIA,Tennessee,0.74124615,0.6364,0.6364,0.7348,0.7348,0.7576,0.7576,0.7727,0.7727,0.7651,0.7651,0.7576,0.7576,0.7727
FIA,Texas,0.612392307,0.6519,0.6519,0.6298,0.6298,0.6519,0.6519,0.6354,0.6354,0.5635,0.5635,0.558,0.558,0.5801
FIA,Utah,,,,,,,,,,,,,,
FIA,Vermont,,,,,,,,,,,,,,
FIA,Virginia,,,,,,,,,,,,,,
FIA,Washington,,,,,,,,,,,,,,
FIA,West Virginia,,,,,,,,,,,,,,
FIA,Wisconsin,,,,,,,,,,,,,,
FIA,Wyoming,,,,,,,,,,,,,,